"Libellé";"idBank";"Dernière mise à jour";"Période";"1901";"1902";"1903";"1904";"1905";"1906";"1907";"1908";"1909";"1910";"1911";"1912";"1913";"1914";"1915";"1916";"1917";"1918";"1919";"1920";"1921";"1922";"1923";"1924";"1925";"1926";"1927";"1928";"1929";"1930";"1931";"1932";"1933";"1934";"1935";"1936";"1937";"1938";"1939";"1940";"1941";"1942";"1943";"1944";"1945";"1946";"1947";"1948";"1949";"1950";"1951";"1952";"1953";"1954";"1955";"1956";"1957";"1958";"1959";"1960";"1961";"1962";"1963";"1964";"1965";"1966";"1967";"1968";"1969";"1970";"1971";"1972";"1973";"1974";"1975";"1976";"1977";"1978";"1979";"1980";"1981";"1982";"1983";"1984";"1985";"1986";"1987";"1988";"1989";"1990";"1991";"1992";"1993";"1994";"1995";"1996";"1997";"1998";"1999";"2000";"2001";"2002";"2003";"2004";"2005";"2006";"2007";"2008";"2009";"2010";"2011";"2012";"2013";"2014";"2015";"2016";"2017";"2018";"2019";"2020";"2021";"2022";"2023";"2024";"2025";"2026"
"Population au 1er janvier - Ensemble - De 15 à 49 ans - France métropolitaine";"001686813";"13/01/2026 12:00";"";"";"";"";"";"";"";"";"";"";"";"";"";"";"";"";"";"";"";"";"";"";"";"";"";"";"";"";"";"";"";"";"";"";"";"";"";"";"";"";"";"";"";"";"";"";"20544896";"20587235";"20660671";"20665842";"20651556";"20613064";"20536885";"20449283";"20369423";"20311093";"20244009";"20174451";"20193865";"20207252";"20225443";"20259673";"20548112";"21233714";"21547318";"21858205";"22319983";"22836755";"23324230";"23779337";"24245777";"24466727";"24678645";"24893083";"25128749";"25336786";"25470673";"25662163";"25839863";"26022964";"26232916";"26414871";"26619111";"26799490";"27002705";"27205702";"27441109";"27704931";"27978523";"28241676";"28459661";"28635876";"28824327";"28988325";"29090181";"29182466";"29305838";"29236207";"29124608";"28966938";"28883150";"28817189";"28819528";"28818409";"28850666";"28877149";"28898093";"28874673";"28810773";"28715180";"28601580";"28504551";"28393858";"28309838";"28221600";"28107115";"27999526";"27892624";"27852592";"27835480";"27776012";"27813032";"27936265";"27998243";"28057089";"28155991";"28326645"
"Codes";"";"";"";"";"";"";"";"";"";"";"";"";"";"";"";"";"";"";"";"";"";"";"";"";"";"";"";"";"";"";"";"";"";"";"";"";"";"";"";"";"";"";"";"";"";"";"";"";"A";"A";"A";"A";"A";"A";"A";"A";"A";"A";"A";"A";"A";"A";"A";"A";"A";"A";"A";"A";"A";"A";"A";"A";"A";"A";"A";"A";"A";"A";"A";"A";"A";"A";"A";"A";"A";"A";"A";"A";"A";"A";"A";"A";"A";"A";"A";"A";"A";"A";"A";"A";"A";"A";"A";"A";"A";"A";"A";"A";"A";"A";"A";"A";"A";"A";"A";"A";"A";"A";"A";"A";"A";"A";"A";"A";"A";"A";"P";"P";"P"
"Population au 1er janvier - Hommes - De 15 à 49 ans - France";"001686795";"13/01/2026 12:00";"";"";"";"";"";"";"";"";"";"";"";"";"";"";"";"";"";"";"";"";"";"";"";"";"";"";"";"";"";"";"";"";"";"";"";"";"";"";"";"";"";"";"";"";"";"";"";"";"";"";"";"";"";"";"";"";"";"";"";"";"";"";"";"";"";"";"";"";"";"";"";"";"";"";"";"";"";"";"";"";"";"";"";"";"";"";"";"";"";"";"";"14799025";"14885693";"14960106";"14998271";"15033777";"15084987";"15042325";"14977990";"14891590";"14833161";"14786076";"14777232";"14769284";"14783872";"14795352";"14817511";"14818289";"14789950";"14742306";"14685086";"14636364";"14575289";"14528161";"14525519";"14458774";"14392725";"14328670";"14303505";"14299379";"14269764";"14296449";"14368882";"14407376";"14447980";"14505782";"14601042"
"Codes";"";"";"";"";"";"";"";"";"";"";"";"";"";"";"";"";"";"";"";"";"";"";"";"";"";"";"";"";"";"";"";"";"";"";"";"";"";"";"";"";"";"";"";"";"";"";"";"";"";"";"";"";"";"";"";"";"";"";"";"";"";"";"";"";"";"";"";"";"";"";"";"";"";"";"";"";"";"";"";"";"";"";"";"";"";"";"";"";"";"";"";"";"";"A";"A";"A";"A";"A";"A";"A";"A";"A";"A";"A";"A";"A";"A";"A";"A";"A";"A";"A";"A";"A";"A";"A";"A";"A";"A";"A";"A";"A";"A";"A";"A";"A";"P";"P";"P"
"Population au 1er janvier - Ensemble - 60 ans et plus - France";"001686817";"13/01/2026 12:00";"";"";"";"";"";"";"";"";"";"";"";"";"";"";"";"";"";"";"";"";"";"";"";"";"";"";"";"";"";"";"";"";"";"";"";"";"";"";"";"";"";"";"";"";"";"";"";"";"";"";"";"";"";"";"";"";"";"";"";"";"";"";"";"";"";"";"";"";"";"";"";"";"";"";"";"";"";"";"";"";"";"";"";"";"";"";"";"";"";"";"";"11100591";"11280893";"11462428";"11604557";"11764362";"11887731";"12004261";"12111869";"12213058";"12340282";"12439765";"12515110";"12639929";"12783721";"12979724";"13162128";"13502068";"13878181";"14250992";"14605174";"14975022";"15303049";"15637698";"15975158";"16309397";"16615384";"16945359";"17231762";"17551102";"17864095";"18117175";"18385640";"18711036";"19034116";"19363871";"19685527"
"Codes";"";"";"";"";"";"";"";"";"";"";"";"";"";"";"";"";"";"";"";"";"";"";"";"";"";"";"";"";"";"";"";"";"";"";"";"";"";"";"";"";"";"";"";"";"";"";"";"";"";"";"";"";"";"";"";"";"";"";"";"";"";"";"";"";"";"";"";"";"";"";"";"";"";"";"";"";"";"";"";"";"";"";"";"";"";"";"";"";"";"";"";"";"";"A";"A";"A";"A";"A";"A";"A";"A";"A";"A";"A";"A";"A";"A";"A";"A";"A";"A";"A";"A";"A";"A";"A";"A";"A";"A";"A";"A";"A";"A";"A";"A";"A";"P";"P";"P"
"Démographie - Taux de variation naturelle pour 1000 habitants - France (inclus Mayotte à partir de 2014)";"001641588";"13/01/2026 12:00";"";"";"";"";"";"";"";"";"";"";"";"";"";"";"";"";"";"";"";"";"";"";"";"";"";"";"";"";"";"";"";"";"";"";"";"";"";"";"";"";"";"";"";"";"";"";"";"";"";"";"";"";"";"";"";"";"";"";"";"";"";"";"";"";"";"";"";"";"";"";"";"";"";"";"";"";"";"";"";"";"";"";"4.9";"3.7";"4.2";"4.2";"4.4";"4.5";"4.6";"4.5";"4.4";"4.4";"4.2";"3.4";"3.6";"3.7";"3.7";"3.7";"3.7";"3.8";"4.4";"4.3";"4.0";"3.7";"4.5";"4.3";"4.8";"4.5";"4.4";"4.3";"4.4";"4.3";"3.9";"3.6";"4.0";"3.1";"2.9";"2.4";"2.2";"2.1";"1.0";"1.2";"0.7";"0.6";"0.2";"0.0";""
"Codes";"";"";"";"";"";"";"";"";"";"";"";"";"";"";"";"";"";"";"";"";"";"";"";"";"";"";"";"";"";"";"";"";"";"";"";"";"";"";"";"";"";"";"";"";"";"";"";"";"";"";"";"";"";"";"";"";"";"";"";"";"";"";"";"";"";"";"";"";"";"";"";"";"";"";"";"";"";"";"";"";"";"";"";"";"A";"A";"A";"A";"A";"A";"A";"A";"A";"A";"A";"A";"A";"A";"A";"A";"A";"A";"A";"A";"A";"A";"A";"A";"A";"A";"A";"A";"A";"A";"A";"A";"A";"A";"A";"A";"A";"A";"A";"A";"A";"P";"P";"P";""
"Démographie - Solde naturel - France (inclus Mayotte à partir de 2014)";"001641585";"13/01/2026 12:00";"";"";"";"";"";"";"";"";"";"";"";"";"";"";"";"";"";"";"";"";"";"";"";"";"";"";"";"";"";"";"";"";"";"";"";"";"";"";"";"";"";"";"";"";"";"";"";"";"";"";"";"";"";"";"";"";"";"309317";"336492";"345951";"325911";"365805";"319995";"340076";"386898";"351941";"363175";"325607";"310576";"294612";"332422";"353757";"352661";"321375";"271303";"206168";"182013";"226150";"206275";"233050";"271097";"268576";"272536";"207686";"237170";"235745";"250805";"260401";"268033";"258574";"258685";"257191";"244941";"200773";"212653";"218745";"219425";"218117";"224497";"228530";"266804";"262205";"247504";"230577";"279891";"268741";"302432";"287543";"285829";"276100";"281581";"278337";"251179";"242274";"259272";"205268";"189775";"163279";"148942";"140140";"66274";"80467";"50875";"38534";"17619";"-6000";""
"Codes";"";"";"";"";"";"";"";"";"";"";"";"";"";"";"";"";"";"";"";"";"";"";"";"";"";"";"";"";"";"";"";"";"";"";"";"";"";"";"";"";"";"";"";"";"";"";"";"";"";"";"";"";"";"";"";"";"";"";"";"A";"A";"A";"A";"A";"A";"A";"A";"A";"A";"A";"A";"A";"A";"A";"A";"A";"A";"A";"A";"A";"A";"A";"A";"A";"A";"A";"A";"A";"A";"A";"A";"A";"A";"A";"A";"A";"A";"A";"A";"A";"A";"A";"A";"A";"A";"A";"A";"A";"A";"A";"A";"A";"A";"A";"A";"A";"A";"A";"A";"A";"A";"A";"A";"A";"A";"A";"A";"P";""
"Démographie - Ajustement statistique - France métropolitaine";"001002694";"13/01/2026 12:00";"";"";"";"";"";"";"";"";"";"";"";"";"";"";"";"";"";"";"";"";"";"";"";"";"";"";"";"";"";"";"";"";"";"";"";"";"";"";"";"";"";"";"";"";"";"";"0";"0";"0";"0";"0";"0";"0";"0";"0";"0";"0";"0";"0";"0";"0";"0";"0";"-40000";"-40000";"-40000";"-40000";"-40000";"0";"0";"0";"0";"0";"0";"0";"0";"0";"0";"0";"0";"0";"0";"0";"0";"0";"0";"0";"0";"0";"0";"-52545";"-54499";"-53500";"-53500";"-53501";"-54567";"-53504";"-53505";"-51424";"94455";"94456";"94455";"94456";"94455";"94456";"94647";"0";"0";"0";"0";"0";"0";"0";"0";"0";"-63705";"-81247";"-98386";"-81803";"-82084";"46808";"89562";"21945";"18462";"19433";"58298";""
"Codes";"";"";"";"";"";"";"";"";"";"";"";"";"";"";"";"";"";"";"";"";"";"";"";"";"";"";"";"";"";"";"";"";"";"";"";"";"";"";"";"";"";"";"";"";"";"";"";"";"A";"A";"A";"A";"A";"A";"A";"A";"A";"A";"A";"A";"A";"A";"A";"A";"A";"A";"A";"A";"A";"A";"A";"A";"A";"A";"A";"A";"A";"A";"A";"A";"A";"A";"A";"A";"A";"A";"A";"A";"A";"A";"A";"A";"A";"A";"A";"A";"A";"A";"A";"A";"A";"A";"A";"A";"A";"A";"A";"A";"A";"A";"A";"A";"A";"A";"A";"A";"A";"A";"A";"A";"A";"A";"A";"A";"A";"P";"P";"P";""
"Population au 1er janvier - Ensemble - Moins de 15 ans - France";"001686815";"13/01/2026 12:00";"";"";"";"";"";"";"";"";"";"";"";"";"";"";"";"";"";"";"";"";"";"";"";"";"";"";"";"";"";"";"";"";"";"";"";"";"";"";"";"";"";"";"";"";"";"";"";"";"";"";"";"";"";"";"";"";"";"";"";"";"";"";"";"";"";"";"";"";"";"";"";"";"";"";"";"";"";"";"";"";"";"";"";"";"";"";"";"";"";"";"";"11808904";"11846294";"11841637";"11809628";"11756031";"11676351";"11601547";"11532939";"11521697";"11558446";"11613651";"11645716";"11669451";"11680487";"11696788";"11715950";"11778201";"11827212";"11917951";"11998951";"12060943";"12123714";"12186689";"12320176";"12339441";"12276879";"12215378";"12172566";"12106599";"12031692";"11960938";"11870304";"11753061";"11595251";"11423158";"11227822"
"Codes";"";"";"";"";"";"";"";"";"";"";"";"";"";"";"";"";"";"";"";"";"";"";"";"";"";"";"";"";"";"";"";"";"";"";"";"";"";"";"";"";"";"";"";"";"";"";"";"";"";"";"";"";"";"";"";"";"";"";"";"";"";"";"";"";"";"";"";"";"";"";"";"";"";"";"";"";"";"";"";"";"";"";"";"";"";"";"";"";"";"";"";"";"";"A";"A";"A";"A";"A";"A";"A";"A";"A";"A";"A";"A";"A";"A";"A";"A";"A";"A";"A";"A";"A";"A";"A";"A";"A";"A";"A";"A";"A";"A";"A";"A";"A";"P";"P";"P"
"Démographie - Taux de variation naturelle pour 1000 habitants - France métropolitaine";"000067675";"13/01/2026 12:00";"";"2.2";"2.6";"2.2";"1.8";"1.3";"1.0";"0.0";"1.6";"0.8";"2.2";"-0.4";"1.8";"1.4";"-0.4";"-6.5";"-7.8";"-7.6";"-10.2";"-6.1";"4.1";"3.1";"1.8";"2.4";"1.9";"1.5";"1.4";"1.6";"1.8";"-0.2";"2.4";"1.4";"1.5";"0.4";"1.1";"-0.4";"-0.3";"-0.2";"-0.9";"-0.8";"-4.4";"-3.9";"-2.0";"-0.3";"-1.0";"0.1";"7.4";"8.2";"8.7";"7.2";"7.8";"6.2";"7.0";"5.8";"6.7";"6.5";"6.0";"6.4";"6.9";"7.0";"6.5";"7.4";"6.2";"6.5";"7.4";"6.6";"6.8";"6.0";"5.6";"5.3";"6.0";"6.4";"6.4";"5.7";"4.8";"3.5";"3.1";"3.9";"3.6";"4.0";"4.7";"4.7";"4.6";"3.5";"3.9";"3.9";"4.2";"4.4";"4.4";"4.2";"4.1";"4.1";"3.9";"3.1";"3.3";"3.4";"3.5";"3.4";"3.5";"3.5";"4.1";"4.1";"3.8";"3.4";"4.2";"4.1";"4.5";"4.3";"4.3";"4.1";"4.2";"4.0";"3.6";"3.5";"3.7";"2.8";"2.5";"2.1";"1.9";"1.8";"0.6";"0.9";"0.4";"0.3";"0.0";"-0.3";""
"Codes";"";"";"";"A";"A";"A";"A";"A";"A";"A";"A";"A";"A";"A";"A";"A";"A";"A";"A";"A";"A";"A";"A";"A";"A";"A";"A";"A";"A";"A";"A";"A";"A";"A";"A";"A";"A";"A";"A";"A";"A";"A";"A";"A";"A";"A";"A";"A";"A";"A";"A";"A";"A";"A";"A";"A";"A";"A";"A";"A";"A";"A";"A";"A";"A";"A";"A";"A";"A";"A";"A";"A";"A";"A";"A";"A";"A";"A";"A";"A";"A";"A";"A";"A";"A";"A";"A";"A";"A";"A";"A";"A";"A";"A";"A";"A";"A";"A";"A";"A";"A";"A";"A";"A";"A";"A";"A";"A";"A";"A";"A";"A";"A";"A";"A";"A";"A";"A";"A";"A";"A";"A";"A";"A";"A";"P";"P";"P";""
"Démographie - Solde naturel - France métropolitaine";"000067672";"13/01/2026 12:00";"";"91760";"103055";"89932";"74555";"53266";"44694";"-1239";"64567";"31941";"90263";"-20147";"74794";"58914";"-17000";"-265000";"-313000";"-300000";"-395000";"-232941";"162461";"118651";"72051";"95562";"74577";"62244";"54724";"68293";"75301";"-8592";"101067";"54795";"62594";"18261";"43805";"-17852";"-11500";"-11443";"-35250";"-30078";"-179000";"-153000";"-81000";"-11000";"-37000";"2000";"298024";"332315";"357626";"299063";"327830";"260893";"297373";"247713";"291862";"279595";"261216";"284360";"311619";"320135";"298859";"338344";"291206";"311024";"357771";"321992";"334745";"297535";"282355";"268910";"308104";"327133";"327606";"298404";"248667";"184712";"163281";"208523";"190146";"215549";"253269";"250660";"254119";"188870";"217449";"215935";"231542";"240362";"246668";"236190";"236206";"234371";"222128";"179347";"191028";"197991";"198563";"196449";"204075";"207130";"243918";"239872";"226486";"209125";"258387";"246822";"280480";"264969";"263913";"255304";"261755";"258201";"231063";"223213";"234164";"178651";"163624";"136636";"123185";"114621";"42065";"57618";"28130";"15574";"737";"-24000";""
"Codes";"";"";"";"A";"A";"A";"A";"A";"A";"A";"A";"A";"A";"A";"A";"A";"A";"A";"A";"A";"A";"A";"A";"A";"A";"A";"A";"A";"A";"A";"A";"A";"A";"A";"A";"A";"A";"A";"A";"A";"A";"A";"A";"A";"A";"A";"A";"A";"A";"A";"A";"A";"A";"A";"A";"A";"A";"A";"A";"A";"A";"A";"A";"A";"A";"A";"A";"A";"A";"A";"A";"A";"A";"A";"A";"A";"A";"A";"A";"A";"A";"A";"A";"A";"A";"A";"A";"A";"A";"A";"A";"A";"A";"A";"A";"A";"A";"A";"A";"A";"A";"A";"A";"A";"A";"A";"A";"A";"A";"A";"A";"A";"A";"A";"A";"A";"A";"A";"A";"A";"A";"A";"A";"A";"A";"A";"A";"P";""
"Population au 1er janvier - Femmes - Moins de 20 ans - France";"001686803";"13/01/2026 12:00";"";"";"";"";"";"";"";"";"";"";"";"";"";"";"";"";"";"";"";"";"";"";"";"";"";"";"";"";"";"";"";"";"";"";"";"";"";"";"";"";"";"";"";"";"";"";"";"";"";"";"";"";"";"";"";"";"";"";"";"";"";"";"";"";"";"";"";"";"";"";"";"";"";"";"";"";"";"";"";"";"";"";"";"";"";"";"";"";"";"";"";"7898869";"7834296";"7765273";"7692827";"7648800";"7637483";"7635863";"7623439";"7619510";"7638228";"7650618";"7664983";"7678625";"7712889";"7743192";"7764037";"7775928";"7787501";"7803115";"7819649";"7831645";"7838327";"7859121";"7958800";"7993269";"7990084";"7970305";"7968755";"7950440";"7909522";"7862142";"7823556";"7769276";"7707698";"7635314";"7558273"
"Codes";"";"";"";"";"";"";"";"";"";"";"";"";"";"";"";"";"";"";"";"";"";"";"";"";"";"";"";"";"";"";"";"";"";"";"";"";"";"";"";"";"";"";"";"";"";"";"";"";"";"";"";"";"";"";"";"";"";"";"";"";"";"";"";"";"";"";"";"";"";"";"";"";"";"";"";"";"";"";"";"";"";"";"";"";"";"";"";"";"";"";"";"";"";"A";"A";"A";"A";"A";"A";"A";"A";"A";"A";"A";"A";"A";"A";"A";"A";"A";"A";"A";"A";"A";"A";"A";"A";"A";"A";"A";"A";"A";"A";"A";"A";"A";"P";"P";"P"
"Démographie - Population moyenne de l'année - France métropolitaine";"000067671";"13/01/2026 12:00";"";"";"";"";"";"";"";"";"";"";"";"";"";"";"";"";"";"";"";"";"";"";"";"";"";"";"";"";"";"";"";"";"";"";"";"";"";"";"";"";"";"";"";"";"";"";"40286742";"40679412";"41111882";"41480227";"41828673";"42155535";"42459668";"42751746";"43056505";"43427670";"43843075";"44310863";"44788853";"45239730";"45684227";"46162828";"46997703";"47816218";"48310415";"48757796";"49163665";"49548305";"49915404";"50317977";"50772227";"51251094";"51700913";"52118299";"52460363";"52699169";"52908672";"53145286";"53376320";"53606230";"53880009";"54181815";"54492492";"54772419";"55026079";"55284271";"55546509";"55823961";"56117976";"56423405";"56708831";"56975597";"57239847";"57467085";"57658772";"57844247";"58025989";"58207490";"58397788";"58677406";"59062385";"59476236";"59893870";"60303631";"60734343";"61181499";"61597486";"61965052";"62300288";"62615472";"62917790";"63223158";"63536918";"63862825";"64164390";"64384807";"64553963";"64741585";"64970403";"65182961";"65387184";"65675734";"66006035";"66272833";"66479199";"66685696";""
"Codes";"";"";"";"";"";"";"";"";"";"";"";"";"";"";"";"";"";"";"";"";"";"";"";"";"";"";"";"";"";"";"";"";"";"";"";"";"";"";"";"";"";"";"";"";"";"";"";"";"A";"A";"A";"A";"A";"A";"A";"A";"A";"A";"A";"A";"A";"A";"A";"A";"A";"A";"A";"A";"A";"A";"A";"A";"A";"A";"A";"A";"A";"A";"A";"A";"A";"A";"A";"A";"A";"A";"A";"A";"A";"A";"A";"A";"A";"A";"A";"A";"A";"A";"A";"A";"A";"A";"A";"A";"A";"A";"A";"A";"A";"A";"A";"A";"A";"A";"A";"A";"A";"A";"A";"A";"A";"A";"A";"A";"A";"P";"P";"P";""
"Population au 1er janvier - Ensemble - Moins de 20 ans - France";"001686816";"13/01/2026 12:00";"";"";"";"";"";"";"";"";"";"";"";"";"";"";"";"";"";"";"";"";"";"";"";"";"";"";"";"";"";"";"";"";"";"";"";"";"";"";"";"";"";"";"";"";"";"";"";"";"";"";"";"";"";"";"";"";"";"";"";"";"";"";"";"";"";"";"";"";"";"";"";"";"";"";"";"";"";"";"";"";"";"";"";"";"";"";"";"";"";"";"";"16162383";"16032924";"15892353";"15743811";"15650395";"15626091";"15625917";"15599995";"15594837";"15626640";"15651059";"15679605";"15709858";"15783973";"15848857";"15887753";"15924796";"15948885";"15977308";"16010535";"16038270";"16047113";"16096081";"16294725";"16359014";"16352131";"16316348";"16313051";"16286815";"16213306";"16119295";"16049554";"15946224";"15824677";"15680808";"15527529"
"Codes";"";"";"";"";"";"";"";"";"";"";"";"";"";"";"";"";"";"";"";"";"";"";"";"";"";"";"";"";"";"";"";"";"";"";"";"";"";"";"";"";"";"";"";"";"";"";"";"";"";"";"";"";"";"";"";"";"";"";"";"";"";"";"";"";"";"";"";"";"";"";"";"";"";"";"";"";"";"";"";"";"";"";"";"";"";"";"";"";"";"";"";"";"";"A";"A";"A";"A";"A";"A";"A";"A";"A";"A";"A";"A";"A";"A";"A";"A";"A";"A";"A";"A";"A";"A";"A";"A";"A";"A";"A";"A";"A";"A";"A";"A";"A";"P";"P";"P"
"Population au 1er janvier - Femmes - 75 ans et plus - France";"001686806";"13/01/2026 12:00";"";"";"";"";"";"";"";"";"";"";"";"";"";"";"";"";"";"";"";"";"";"";"";"";"";"";"";"";"";"";"";"";"";"";"";"";"";"";"";"";"";"";"";"";"";"";"";"";"";"";"";"";"";"";"";"";"";"";"";"";"";"";"";"";"";"";"";"";"";"";"";"";"";"";"";"";"";"";"";"";"";"";"";"";"";"";"";"";"";"";"";"2516364";"2458726";"2411280";"2375564";"2368524";"2463203";"2551585";"2630152";"2704791";"2778841";"2859895";"2942115";"3019821";"3092386";"3187736";"3286871";"3370140";"3448524";"3509510";"3567031";"3619313";"3661503";"3693165";"3730686";"3764300";"3772852";"3795973";"3804254";"3839126";"3871696";"3879886";"3978812";"4126679";"4263505";"4403930";"4540606"
"Codes";"";"";"";"";"";"";"";"";"";"";"";"";"";"";"";"";"";"";"";"";"";"";"";"";"";"";"";"";"";"";"";"";"";"";"";"";"";"";"";"";"";"";"";"";"";"";"";"";"";"";"";"";"";"";"";"";"";"";"";"";"";"";"";"";"";"";"";"";"";"";"";"";"";"";"";"";"";"";"";"";"";"";"";"";"";"";"";"";"";"";"";"";"";"A";"A";"A";"A";"A";"A";"A";"A";"A";"A";"A";"A";"A";"A";"A";"A";"A";"A";"A";"A";"A";"A";"A";"A";"A";"A";"A";"A";"A";"A";"A";"A";"A";"P";"P";"P"
"Population au 1er janvier - Hommes - De 20 à 59 ans - France métropolitaine";"001686786";"13/01/2026 12:00";"";"";"";"";"";"";"";"";"";"";"";"";"";"";"";"";"";"";"";"";"";"";"";"";"";"";"";"";"";"";"";"";"";"";"";"";"";"";"";"";"";"";"";"";"";"";"10501377";"10590786";"10721341";"10818245";"10904179";"11019702";"11107289";"11197515";"11257453";"11332508";"11409127";"11466613";"11529422";"11568030";"11588381";"11582648";"11564373";"11782215";"11804711";"11825989";"11831678";"11945367";"12076550";"12241138";"12436437";"12629901";"12790659";"12925116";"13070066";"13188617";"13350018";"13574902";"13791039";"13978273";"14158118";"14222607";"14316174";"14395708";"14488316";"14588650";"14678895";"14771251";"14860636";"14951116";"15055943";"15148409";"15258210";"15366832";"15461422";"15515692";"15549034";"15573867";"15618158";"15663652";"15754409";"15883622";"16028451";"16146421";"16228093";"16317284";"16412234";"16422379";"16393318";"16357834";"16316169";"16276697";"16257482";"16233475";"16199977";"16135172";"16067115";"16008860";"15974444";"15967310";"15946546";"16007933";"16101917";"16174839";"16205958";"16233568";"16276282"
"Codes";"";"";"";"";"";"";"";"";"";"";"";"";"";"";"";"";"";"";"";"";"";"";"";"";"";"";"";"";"";"";"";"";"";"";"";"";"";"";"";"";"";"";"";"";"";"";"";"";"A";"A";"A";"A";"A";"A";"A";"A";"A";"A";"A";"A";"A";"A";"A";"A";"A";"A";"A";"A";"A";"A";"A";"A";"A";"A";"A";"A";"A";"A";"A";"A";"A";"A";"A";"A";"A";"A";"A";"A";"A";"A";"A";"A";"A";"A";"A";"A";"A";"A";"A";"A";"A";"A";"A";"A";"A";"A";"A";"A";"A";"A";"A";"A";"A";"A";"A";"A";"A";"A";"A";"A";"A";"A";"A";"A";"A";"A";"P";"P";"P"
"Population au 1er janvier - Femmes - De 20 à 59 ans - France";"001686804";"13/01/2026 12:00";"";"";"";"";"";"";"";"";"";"";"";"";"";"";"";"";"";"";"";"";"";"";"";"";"";"";"";"";"";"";"";"";"";"";"";"";"";"";"";"";"";"";"";"";"";"";"";"";"";"";"";"";"";"";"";"";"";"";"";"";"";"";"";"";"";"";"";"";"";"";"";"";"";"";"";"";"";"";"";"";"";"";"";"";"";"";"";"";"";"";"";"15507357";"15631426";"15755820";"15879186";"15962066";"16029351";"16085091";"16160109";"16236129";"16365884";"16540418";"16730670";"16894088";"17019971";"17148423";"17280106";"17302422";"17289022";"17264472";"17226614";"17186403";"17175198";"17140315";"17161730";"17119843";"17069544";"17012733";"16983575";"16963454";"16931895";"16965974";"17035031";"17084388";"17086524";"17088004";"17108256"
"Codes";"";"";"";"";"";"";"";"";"";"";"";"";"";"";"";"";"";"";"";"";"";"";"";"";"";"";"";"";"";"";"";"";"";"";"";"";"";"";"";"";"";"";"";"";"";"";"";"";"";"";"";"";"";"";"";"";"";"";"";"";"";"";"";"";"";"";"";"";"";"";"";"";"";"";"";"";"";"";"";"";"";"";"";"";"";"";"";"";"";"";"";"";"";"A";"A";"A";"A";"A";"A";"A";"A";"A";"A";"A";"A";"A";"A";"A";"A";"A";"A";"A";"A";"A";"A";"A";"A";"A";"A";"A";"A";"A";"A";"A";"A";"A";"P";"P";"P"
"Population au 1er janvier - Ensemble - 75 ans et plus - France métropolitaine";"001686812";"13/01/2026 12:00";"";"";"";"";"";"";"";"";"";"";"";"";"";"";"";"";"";"";"";"";"";"";"";"";"";"";"";"";"";"";"";"";"";"";"";"";"";"";"";"";"";"";"";"";"";"";"1379698";"1399894";"1463602";"1528714";"1564701";"1620426";"1659150";"1709450";"1731576";"1772771";"1803077";"1828924";"1870860";"1914066";"1961498";"2001364";"2050866";"2097155";"2120798";"2171377";"2198865";"2246034";"2280355";"2320053";"2355739";"2395169";"2456660";"2524831";"2583663";"2656422";"2722534";"2810497";"2910547";"2993390";"3078614";"3159673";"3231469";"3308095";"3380078";"3460136";"3530518";"3585893";"3676862";"3763501";"3838418";"3784960";"3684200";"3602926";"3544179";"3535519";"3702692";"3856448";"3993106";"4121296";"4244777";"4380129";"4517471";"4647804";"4770015";"4924650";"5085994";"5226312";"5361480";"5469576";"5576099";"5668112";"5751652";"5819006";"5892998";"5967792";"5994816";"6032981";"6068405";"6150743";"6223555";"6253682";"6453032";"6734684";"7003058";"7268614";"7527858"
"Codes";"";"";"";"";"";"";"";"";"";"";"";"";"";"";"";"";"";"";"";"";"";"";"";"";"";"";"";"";"";"";"";"";"";"";"";"";"";"";"";"";"";"";"";"";"";"";"";"";"A";"A";"A";"A";"A";"A";"A";"A";"A";"A";"A";"A";"A";"A";"A";"A";"A";"A";"A";"A";"A";"A";"A";"A";"A";"A";"A";"A";"A";"A";"A";"A";"A";"A";"A";"A";"A";"A";"A";"A";"A";"A";"A";"A";"A";"A";"A";"A";"A";"A";"A";"A";"A";"A";"A";"A";"A";"A";"A";"A";"A";"A";"A";"A";"A";"A";"A";"A";"A";"A";"A";"A";"A";"A";"A";"A";"A";"A";"P";"P";"P"
"Population totale au 1er janvier - France métropolitaine";"000067670";"13/01/2026 12:00";"";"";"";"";"";"";"";"";"";"";"";"";"";"";"";"";"";"";"";"";"";"";"";"";"";"";"";"";"";"";"";"";"";"";"";"";"";"";"";"";"";"";"";"";"";"";"40125230";"40448254";"40910569";"41313195";"41647258";"42010088";"42300981";"42618354";"42885138";"43227872";"43627467";"44058683";"44563043";"45014662";"45464797";"45903656";"46422000";"47573406";"48059029";"48561800";"48953792";"49373537";"49723072";"50107735";"50528219";"51016234";"51485953";"51915873";"52320725";"52600000";"52798338";"53019005";"53271566";"53481073";"53731387";"54028630";"54335000";"54649984";"54894854";"55157303";"55411238";"55681780";"55966142";"56269810";"56577000";"56840661";"57110533";"57369161";"57565008";"57752535";"57935959";"58116018";"58298962";"58496613";"58858198";"59266572";"59685899";"60101841";"60505421";"60963264";"61399733";"61795238";"62134866";"62465709";"62765235";"63070344";"63375971";"63697865";"64027958";"64300821";"64468792";"64639133";"64844037";"65096768";"65269154";"65505213";"65846255";"66165815";"66379851";"66578547";"66792845"
"Codes";"";"";"";"";"";"";"";"";"";"";"";"";"";"";"";"";"";"";"";"";"";"";"";"";"";"";"";"";"";"";"";"";"";"";"";"";"";"";"";"";"";"";"";"";"";"";"";"";"A";"A";"A";"A";"A";"A";"A";"A";"A";"A";"A";"A";"A";"A";"A";"A";"A";"A";"A";"A";"A";"A";"A";"A";"A";"A";"A";"A";"A";"A";"A";"A";"A";"A";"A";"A";"A";"A";"A";"A";"A";"A";"A";"A";"A";"A";"A";"A";"A";"A";"A";"A";"A";"A";"A";"A";"A";"A";"A";"A";"A";"A";"A";"A";"A";"A";"A";"A";"A";"A";"A";"A";"A";"A";"A";"A";"A";"A";"P";"P";"P"
"Population au 1er janvier - Hommes - 75 ans et plus - France";"001686794";"13/01/2026 12:00";"";"";"";"";"";"";"";"";"";"";"";"";"";"";"";"";"";"";"";"";"";"";"";"";"";"";"";"";"";"";"";"";"";"";"";"";"";"";"";"";"";"";"";"";"";"";"";"";"";"";"";"";"";"";"";"";"";"";"";"";"";"";"";"";"";"";"";"";"";"";"";"";"";"";"";"";"";"";"";"";"";"";"";"";"";"";"";"";"";"";"";"1308048";"1266579";"1234416";"1213177";"1213401";"1288376";"1355833";"1416312";"1472982";"1525277";"1582012";"1639159";"1694124";"1746061";"1807587";"1872331";"1931210";"1990417";"2040294";"2092427";"2137698";"2182826";"2221577";"2263481";"2307514";"2329758";"2349307";"2380142";"2430496";"2474459";"2499925";"2605809";"2745363";"2882854";"3015133";"3145476"
"Codes";"";"";"";"";"";"";"";"";"";"";"";"";"";"";"";"";"";"";"";"";"";"";"";"";"";"";"";"";"";"";"";"";"";"";"";"";"";"";"";"";"";"";"";"";"";"";"";"";"";"";"";"";"";"";"";"";"";"";"";"";"";"";"";"";"";"";"";"";"";"";"";"";"";"";"";"";"";"";"";"";"";"";"";"";"";"";"";"";"";"";"";"";"";"A";"A";"A";"A";"A";"A";"A";"A";"A";"A";"A";"A";"A";"A";"A";"A";"A";"A";"A";"A";"A";"A";"A";"A";"A";"A";"A";"A";"A";"A";"A";"A";"A";"P";"P";"P"
"Population au 1er janvier - Ensemble - De 15 à 49 ans - France";"001686819";"13/01/2026 12:00";"";"";"";"";"";"";"";"";"";"";"";"";"";"";"";"";"";"";"";"";"";"";"";"";"";"";"";"";"";"";"";"";"";"";"";"";"";"";"";"";"";"";"";"";"";"";"";"";"";"";"";"";"";"";"";"";"";"";"";"";"";"";"";"";"";"";"";"";"";"";"";"";"";"";"";"";"";"";"";"";"";"";"";"";"";"";"";"";"";"";"";"29409680";"29608257";"29781881";"29893684";"29996943";"30132018";"30073234";"29972835";"29825568";"29748566";"29688322";"29694980";"29696840";"29734387";"29767657";"29802734";"29786903";"29727430";"29628608";"29509546";"29406802";"29285449";"29188319";"29196039";"29078883";"28966463";"28845193";"28801966";"28783478";"28717562";"28755140";"28879593";"28945212";"29005310";"29104983";"29276468"
"Codes";"";"";"";"";"";"";"";"";"";"";"";"";"";"";"";"";"";"";"";"";"";"";"";"";"";"";"";"";"";"";"";"";"";"";"";"";"";"";"";"";"";"";"";"";"";"";"";"";"";"";"";"";"";"";"";"";"";"";"";"";"";"";"";"";"";"";"";"";"";"";"";"";"";"";"";"";"";"";"";"";"";"";"";"";"";"";"";"";"";"";"";"";"";"A";"A";"A";"A";"A";"A";"A";"A";"A";"A";"A";"A";"A";"A";"A";"A";"A";"A";"A";"A";"A";"A";"A";"A";"A";"A";"A";"A";"A";"A";"A";"A";"A";"P";"P";"P"
"Population au 1er janvier - Femmes - De 15 à 49 ans - France";"001686807";"13/01/2026 12:00";"";"";"";"";"";"";"";"";"";"";"";"";"";"";"";"";"";"";"";"";"";"";"";"";"";"";"";"";"";"";"";"";"";"";"";"";"";"";"";"";"";"";"";"";"";"";"";"";"";"";"";"";"";"";"";"";"";"";"";"";"";"";"";"";"";"";"";"";"";"";"";"";"";"";"";"";"";"";"";"";"";"";"";"";"";"";"";"";"";"";"";"14610655";"14722564";"14821775";"14895413";"14963166";"15047031";"15030909";"14994845";"14933978";"14915405";"14902246";"14917748";"14927556";"14950515";"14972305";"14985223";"14968614";"14937480";"14886302";"14824460";"14770438";"14710160";"14660158";"14670520";"14620109";"14573738";"14516523";"14498461";"14484099";"14447798";"14458691";"14510711";"14537836";"14557330";"14599201";"14675426"
"Codes";"";"";"";"";"";"";"";"";"";"";"";"";"";"";"";"";"";"";"";"";"";"";"";"";"";"";"";"";"";"";"";"";"";"";"";"";"";"";"";"";"";"";"";"";"";"";"";"";"";"";"";"";"";"";"";"";"";"";"";"";"";"";"";"";"";"";"";"";"";"";"";"";"";"";"";"";"";"";"";"";"";"";"";"";"";"";"";"";"";"";"";"";"";"A";"A";"A";"A";"A";"A";"A";"A";"A";"A";"A";"A";"A";"A";"A";"A";"A";"A";"A";"A";"A";"A";"A";"A";"A";"A";"A";"A";"A";"A";"A";"A";"A";"P";"P";"P"
"Population au 1er janvier - Ensemble - Moins de 20 ans - France métropolitaine";"001686809";"13/01/2026 12:00";"";"";"";"";"";"";"";"";"";"";"";"";"";"";"";"";"";"";"";"";"";"";"";"";"";"";"";"";"";"";"";"";"";"";"";"";"";"";"";"";"";"";"";"";"";"";"11838569";"11958332";"12178334";"12365855";"12555597";"12710497";"12853992";"13000477";"13165086";"13343250";"13570948";"13825886";"14121442";"14386675";"14664855";"14991035";"15381758";"15904417";"16211403";"16511269";"16758572";"16813864";"16788946";"16757095";"16748261";"16771947";"16850617";"16901866";"16942215";"16888065";"16809211";"16703587";"16612734";"16510923";"16418623";"16379718";"16327004";"16302740";"16199216";"16091820";"15999391";"15919634";"15852690";"15793067";"15719647";"15605455";"15473515";"15330473";"15179775";"15084361";"15058227";"15055742";"15026922";"15017908";"15047287";"15067857";"15091374";"15116574";"15183494";"15242403";"15280401";"15315094";"15337575";"15368840";"15406592";"15440408";"15457656";"15513096";"15588708";"15651778";"15645526";"15616148";"15611515";"15584916";"15512858";"15417227";"15347319";"15240692";"15117177";"14976237";"14824968"
"Codes";"";"";"";"";"";"";"";"";"";"";"";"";"";"";"";"";"";"";"";"";"";"";"";"";"";"";"";"";"";"";"";"";"";"";"";"";"";"";"";"";"";"";"";"";"";"";"";"";"A";"A";"A";"A";"A";"A";"A";"A";"A";"A";"A";"A";"A";"A";"A";"A";"A";"A";"A";"A";"A";"A";"A";"A";"A";"A";"A";"A";"A";"A";"A";"A";"A";"A";"A";"A";"A";"A";"A";"A";"A";"A";"A";"A";"A";"A";"A";"A";"A";"A";"A";"A";"A";"A";"A";"A";"A";"A";"A";"A";"A";"A";"A";"A";"A";"A";"A";"A";"A";"A";"A";"A";"A";"A";"A";"A";"A";"A";"P";"P";"P"
"Population au 1er janvier - Hommes - Moins de 15 ans - France métropolitaine";"001686784";"13/01/2026 12:00";"";"";"";"";"";"";"";"";"";"";"";"";"";"";"";"";"";"";"";"";"";"";"";"";"";"";"";"";"";"";"";"";"";"";"";"";"";"";"";"";"";"";"";"";"";"";"4341199";"4411244";"4525043";"4643400";"4755409";"4880335";"4993160";"5107678";"5217479";"5335817";"5484437";"5659080";"5820755";"5944471";"6074169";"6196016";"6233219";"6312326";"6336127";"6359916";"6362359";"6383102";"6382547";"6401323";"6418238";"6445316";"6480157";"6504033";"6511625";"6469442";"6426669";"6364883";"6320191";"6253502";"6193763";"6161342";"6133284";"6118246";"6077729";"6034843";"5988989";"5936121";"5879948";"5840091";"5825950";"5833597";"5851110";"5846153";"5827481";"5797225";"5753770";"5714442";"5677156";"5670252";"5690404";"5717861";"5731275";"5741079";"5743711";"5752594";"5763808";"5797150";"5822253";"5867279";"5907101";"5941265";"5973817";"6011490";"6027041";"6032124";"6002321";"5972195";"5949101";"5921571";"5885710";"5848195";"5804764";"5744334";"5662760";"5576994";"5478191"
"Codes";"";"";"";"";"";"";"";"";"";"";"";"";"";"";"";"";"";"";"";"";"";"";"";"";"";"";"";"";"";"";"";"";"";"";"";"";"";"";"";"";"";"";"";"";"";"";"";"";"A";"A";"A";"A";"A";"A";"A";"A";"A";"A";"A";"A";"A";"A";"A";"A";"A";"A";"A";"A";"A";"A";"A";"A";"A";"A";"A";"A";"A";"A";"A";"A";"A";"A";"A";"A";"A";"A";"A";"A";"A";"A";"A";"A";"A";"A";"A";"A";"A";"A";"A";"A";"A";"A";"A";"A";"A";"A";"A";"A";"A";"A";"A";"A";"A";"A";"A";"A";"A";"A";"A";"A";"A";"A";"A";"A";"A";"A";"P";"P";"P"
"Population au 1er janvier - Hommes - Moins de 20 ans - France métropolitaine";"001686785";"13/01/2026 12:00";"";"";"";"";"";"";"";"";"";"";"";"";"";"";"";"";"";"";"";"";"";"";"";"";"";"";"";"";"";"";"";"";"";"";"";"";"";"";"";"";"";"";"";"";"";"";"5972344";"6041163";"6169533";"6270028";"6369424";"6450394";"6524893";"6601236";"6688258";"6783368";"6903839";"7038887";"7194933";"7331768";"7473291";"7637936";"7835840";"8105601";"8264240";"8420382";"8545090";"8572004";"8556725";"8534949";"8529220";"8546076";"8590195";"8623287";"8648742";"8623235";"8587539";"8535010";"8490408";"8439834";"8394805";"8377919";"8354781";"8343002";"8290504";"8235204";"8187226";"8146606";"8110575";"8079276";"8039675";"7981366";"7915208";"7842409";"7765056";"7714652";"7700740";"7700939";"7685889";"7682497";"7695796";"7706472";"7717913";"7731264";"7766148";"7796359";"7814800";"7838862";"7850203";"7864098";"7882609";"7901666";"7908343";"7939908";"7977349";"8006756";"8004668";"7992828";"7990698";"7983456";"7951079";"7902731";"7872346";"7820977";"7759899";"7689576";"7614341"
"Codes";"";"";"";"";"";"";"";"";"";"";"";"";"";"";"";"";"";"";"";"";"";"";"";"";"";"";"";"";"";"";"";"";"";"";"";"";"";"";"";"";"";"";"";"";"";"";"";"";"A";"A";"A";"A";"A";"A";"A";"A";"A";"A";"A";"A";"A";"A";"A";"A";"A";"A";"A";"A";"A";"A";"A";"A";"A";"A";"A";"A";"A";"A";"A";"A";"A";"A";"A";"A";"A";"A";"A";"A";"A";"A";"A";"A";"A";"A";"A";"A";"A";"A";"A";"A";"A";"A";"A";"A";"A";"A";"A";"A";"A";"A";"A";"A";"A";"A";"A";"A";"A";"A";"A";"A";"A";"A";"A";"A";"A";"A";"P";"P";"P"
"Démographie - Solde migratoire évalué - France métropolitaine";"001002693";"13/01/2026 12:00";"";"";"";"";"";"";"";"";"";"";"";"";"";"";"";"";"";"";"";"";"";"";"";"";"";"";"";"";"";"";"";"";"";"";"";"";"";"";"";"";"";"";"";"";"";"";"25000";"130000";"45000";"35000";"35000";"30000";"20000";"19071";"50872";"120000";"170000";"220000";"140000";"130000";"140000";"180000";"860200";"214599";"185000";"110000";"125000";"92000";"102308";"151574";"179911";"142586";"102314";"106448";"30608";"13626";"57386";"44038";"19361";"34765";"43974";"55710";"60865";"56000";"45000";"38000";"39000";"44000";"57000";"71000";"80000";"90000";"90000";"70000";"50000";"40000";"35000";"40000";"45000";"60000";"70000";"85000";"95000";"100000";"105000";"95000";"115025";"74659";"66930";"44222";"43354";"47426";"90831";"106706";"38699";"53025";"87964";"166654";"211349";"139849";"147186";"193862";"269485";"180000";"180000";"180000";""
"Codes";"";"";"";"";"";"";"";"";"";"";"";"";"";"";"";"";"";"";"";"";"";"";"";"";"";"";"";"";"";"";"";"";"";"";"";"";"";"";"";"";"";"";"";"";"";"";"";"";"A";"A";"A";"A";"A";"A";"A";"A";"A";"A";"A";"A";"A";"A";"A";"A";"A";"A";"A";"A";"A";"A";"A";"A";"A";"A";"A";"A";"A";"A";"A";"A";"A";"A";"A";"A";"A";"A";"A";"A";"A";"A";"A";"A";"A";"A";"A";"A";"A";"A";"A";"A";"A";"A";"A";"A";"A";"A";"A";"A";"A";"A";"A";"A";"A";"A";"A";"A";"A";"A";"A";"A";"A";"A";"A";"A";"A";"P";"P";"P";""
"Démographie - Population moyenne de l'année - France (inclus Mayotte à partir de 2014)";"001641584";"13/01/2026 12:00";"";"";"";"";"";"";"";"";"";"";"";"";"";"";"";"";"";"";"";"";"";"";"";"";"";"";"";"";"";"";"";"";"";"";"";"";"";"";"";"";"";"";"";"";"";"";"";"";"";"";"";"";"";"";"";"";"";"";"";"";"";"";"";"";"";"";"";"";"";"";"";"";"";"";"";"";"";"";"";"";"";"";"55739042";"56035818";"56305462";"56582342";"56866102";"57168661";"57492298";"57827972";"58138268";"58425686";"58711620";"58961040";"59175327";"59383995";"59589295";"59795262";"60011006";"60315408";"60724780";"61163240";"61604550";"62037546";"62490800";"62958327";"63393404";"63781275";"64133180";"64458720";"64773170";"65087321";"65402999";"65735871";"66276671";"66512557";"66688564";"66883321";"67125071";"67349916";"67569471";"67878649";"68232525";"68521610";"68745187";"68966996";""
"Codes";"";"";"";"";"";"";"";"";"";"";"";"";"";"";"";"";"";"";"";"";"";"";"";"";"";"";"";"";"";"";"";"";"";"";"";"";"";"";"";"";"";"";"";"";"";"";"";"";"";"";"";"";"";"";"";"";"";"";"";"";"";"";"";"";"";"";"";"";"";"";"";"";"";"";"";"";"";"";"";"";"";"";"";"";"A";"A";"A";"A";"A";"A";"A";"A";"A";"A";"A";"A";"A";"A";"A";"A";"A";"A";"A";"A";"A";"A";"A";"A";"A";"A";"A";"A";"A";"A";"A";"A";"A";"A";"A";"A";"A";"A";"A";"A";"A";"P";"P";"P";""
"Population totale au 1er janvier - France (inclus Mayotte à partir de 2014)";"001641586";"13/01/2026 12:00";"";"";"";"";"";"";"";"";"";"";"";"";"";"";"";"";"";"";"";"";"";"";"";"";"";"";"";"";"";"";"";"";"";"";"";"";"";"";"";"";"";"";"";"";"";"";"";"";"";"";"";"";"";"";"";"";"";"";"";"";"";"";"";"";"";"";"";"";"";"";"";"";"";"";"";"";"";"";"";"";"";"";"55572624";"55905460";"56166175";"56444748";"56719935";"57012268";"57325053";"57659542";"57996401";"58280135";"58571237";"58852002";"59070077";"59280577";"59487413";"59691177";"59899347";"60122665";"60508150";"60941410";"61385070";"61824030";"62251062";"62730537";"63186117";"63600690";"63961859";"64304500";"64612939";"64933400";"65241241";"65564756";"66130873";"66422469";"66602645";"66774482";"66992159";"67257982";"67441850";"67697091";"68060207";"68404843";"68638377";"68851996";"69081996"
"Codes";"";"";"";"";"";"";"";"";"";"";"";"";"";"";"";"";"";"";"";"";"";"";"";"";"";"";"";"";"";"";"";"";"";"";"";"";"";"";"";"";"";"";"";"";"";"";"";"";"";"";"";"";"";"";"";"";"";"";"";"";"";"";"";"";"";"";"";"";"";"";"";"";"";"";"";"";"";"";"";"";"";"";"";"";"A";"A";"A";"A";"A";"A";"A";"A";"A";"A";"A";"A";"A";"A";"A";"A";"A";"A";"A";"A";"A";"A";"A";"A";"A";"A";"A";"A";"A";"A";"A";"A";"A";"A";"A";"A";"A";"A";"A";"A";"A";"A";"P";"P";"P"
"Population au 1er janvier - Hommes - 60 ans et plus - France métropolitaine";"001686787";"13/01/2026 12:00";"";"";"";"";"";"";"";"";"";"";"";"";"";"";"";"";"";"";"";"";"";"";"";"";"";"";"";"";"";"";"";"";"";"";"";"";"";"";"";"";"";"";"";"";"";"";"2645440";"2668733";"2700880";"2726531";"2731078";"2735783";"2736054";"2740707";"2740491";"2751425";"2760643";"2794792";"2844745";"2909448";"2984939";"3057991";"3151717";"3260767";"3320375";"3393851";"3456579";"3524804";"3580091";"3641515";"3689866";"3753390";"3797728";"3858639";"3911037";"3955753";"3909007";"3828665";"3765278";"3715418";"3690866";"3780450";"3859245";"3932806";"3998458";"4066266";"4136219";"4207903";"4284420";"4368222";"4448382";"4538581";"4621703";"4706204";"4772965";"4847712";"4905677";"4960941";"5012134";"5059996";"5116719";"5160925";"5194079";"5251788";"5320258";"5405733";"5487377";"5656337";"5841226";"6025502";"6199172";"6375265";"6533345";"6692626";"6847598";"7005458";"7144419";"7285141";"7418243";"7565341";"7708016";"7823355";"7950383";"8109239";"8265049";"8426070";"8583087"
"Codes";"";"";"";"";"";"";"";"";"";"";"";"";"";"";"";"";"";"";"";"";"";"";"";"";"";"";"";"";"";"";"";"";"";"";"";"";"";"";"";"";"";"";"";"";"";"";"";"";"A";"A";"A";"A";"A";"A";"A";"A";"A";"A";"A";"A";"A";"A";"A";"A";"A";"A";"A";"A";"A";"A";"A";"A";"A";"A";"A";"A";"A";"A";"A";"A";"A";"A";"A";"A";"A";"A";"A";"A";"A";"A";"A";"A";"A";"A";"A";"A";"A";"A";"A";"A";"A";"A";"A";"A";"A";"A";"A";"A";"A";"A";"A";"A";"A";"A";"A";"A";"A";"A";"A";"A";"A";"A";"A";"A";"A";"A";"P";"P";"P"
"Population au 1er janvier - Femmes - Moins de 15 ans - France métropolitaine";"001686796";"13/01/2026 12:00";"";"";"";"";"";"";"";"";"";"";"";"";"";"";"";"";"";"";"";"";"";"";"";"";"";"";"";"";"";"";"";"";"";"";"";"";"";"";"";"";"";"";"";"";"";"";"4250918";"4310360";"4415542";"4522574";"4624425";"4734390";"4834696";"4937133";"5033762";"5138235";"5282914";"5451092";"5607844";"5728994";"5853223";"5969694";"6005158";"6080996";"6102625";"6121845";"6123958";"6142126";"6141359";"6154315";"6164026";"6181981";"6211510";"6226082";"6228185";"6186258";"6141128";"6075666";"6025906";"5955426";"5894428";"5862778";"5832972";"5820130";"5784287";"5747770";"5707726";"5658771";"5609511";"5573518";"5562809";"5564699";"5580521";"5576521";"5559279";"5532418";"5492862";"5453475";"5417888";"5409778";"5423451";"5445453";"5457609";"5466500";"5472036";"5480343";"5494939";"5523638";"5547619";"5594391";"5636910";"5667839";"5703245";"5733279";"5751435";"5764996";"5735804";"5711043";"5690900";"5655400";"5615925";"5579469";"5533264";"5473226";"5395822";"5311611";"5216929"
"Codes";"";"";"";"";"";"";"";"";"";"";"";"";"";"";"";"";"";"";"";"";"";"";"";"";"";"";"";"";"";"";"";"";"";"";"";"";"";"";"";"";"";"";"";"";"";"";"";"";"A";"A";"A";"A";"A";"A";"A";"A";"A";"A";"A";"A";"A";"A";"A";"A";"A";"A";"A";"A";"A";"A";"A";"A";"A";"A";"A";"A";"A";"A";"A";"A";"A";"A";"A";"A";"A";"A";"A";"A";"A";"A";"A";"A";"A";"A";"A";"A";"A";"A";"A";"A";"A";"A";"A";"A";"A";"A";"A";"A";"A";"A";"A";"A";"A";"A";"A";"A";"A";"A";"A";"A";"A";"A";"A";"A";"A";"A";"P";"P";"P"
"Démographie - Ajustement statistique - France (inclus Mayotte depuis 2014)";"001641598";"13/01/2026 12:00";"";"";"";"";"";"";"";"";"";"";"";"";"";"";"";"";"";"";"";"";"";"";"";"";"";"";"";"";"";"";"";"";"";"";"";"";"";"";"";"";"";"";"";"";"";"";"";"";"";"";"";"";"";"";"";"";"";"";"";"";"";"";"";"";"";"";"";"";"";"";"";"";"";"";"";"";"";"";"";"";"";"";"0";"0";"0";"0";"0";"0";"0";"0";"-52344";"-54486";"-53525";"-53038";"-53454";"-54102";"-53902";"-53226";"-51407";"94455";"94456";"94455";"94456";"94455";"94456";"94647";"0";"0";"0";"0";"0";"0";"0";"0";"0";"-65330";"-82982";"-100263";"-83625";"-83893";"48962";"92962";"23000";"19000";"20000";"60000";""
"Codes";"";"";"";"";"";"";"";"";"";"";"";"";"";"";"";"";"";"";"";"";"";"";"";"";"";"";"";"";"";"";"";"";"";"";"";"";"";"";"";"";"";"";"";"";"";"";"";"";"";"";"";"";"";"";"";"";"";"";"";"";"";"";"";"";"";"";"";"";"";"";"";"";"";"";"";"";"";"";"";"";"";"";"";"";"A";"A";"A";"A";"A";"A";"A";"A";"A";"A";"A";"A";"A";"A";"A";"A";"A";"A";"A";"A";"A";"A";"A";"A";"A";"A";"A";"A";"A";"A";"A";"A";"A";"A";"A";"A";"A";"A";"A";"A";"A";"P";"P";"P";""
"Population au 1er janvier - Ensemble - Moins de 15 ans - France métropolitaine";"001686808";"13/01/2026 12:00";"";"";"";"";"";"";"";"";"";"";"";"";"";"";"";"";"";"";"";"";"";"";"";"";"";"";"";"";"";"";"";"";"";"";"";"";"";"";"";"";"";"";"";"";"";"";"8592117";"8721604";"8940585";"9165974";"9379834";"9614725";"9827856";"10044811";"10251241";"10474052";"10767351";"11110172";"11428599";"11673465";"11927392";"12165710";"12238377";"12393322";"12438752";"12481761";"12486317";"12525228";"12523906";"12555638";"12582264";"12627297";"12691667";"12730115";"12739810";"12655700";"12567797";"12440549";"12346097";"12208928";"12088191";"12024120";"11966256";"11938376";"11862016";"11782613";"11696715";"11594892";"11489459";"11413609";"11388759";"11398296";"11431631";"11422674";"11386760";"11329643";"11246632";"11167917";"11095044";"11080030";"11113855";"11163314";"11188884";"11207579";"11215747";"11232937";"11258747";"11320788";"11369872";"11461670";"11544011";"11609104";"11677062";"11744769";"11778476";"11797120";"11738125";"11683238";"11640001";"11576971";"11501635";"11427664";"11338028";"11217560";"11058582";"10888605";"10695120"
"Codes";"";"";"";"";"";"";"";"";"";"";"";"";"";"";"";"";"";"";"";"";"";"";"";"";"";"";"";"";"";"";"";"";"";"";"";"";"";"";"";"";"";"";"";"";"";"";"";"";"A";"A";"A";"A";"A";"A";"A";"A";"A";"A";"A";"A";"A";"A";"A";"A";"A";"A";"A";"A";"A";"A";"A";"A";"A";"A";"A";"A";"A";"A";"A";"A";"A";"A";"A";"A";"A";"A";"A";"A";"A";"A";"A";"A";"A";"A";"A";"A";"A";"A";"A";"A";"A";"A";"A";"A";"A";"A";"A";"A";"A";"A";"A";"A";"A";"A";"A";"A";"A";"A";"A";"A";"A";"A";"A";"A";"A";"A";"P";"P";"P"
"Population au 1er janvier - Ensemble - De 20 à 59 ans - France métropolitaine";"001686810";"13/01/2026 12:00";"";"";"";"";"";"";"";"";"";"";"";"";"";"";"";"";"";"";"";"";"";"";"";"";"";"";"";"";"";"";"";"";"";"";"";"";"";"";"";"";"";"";"";"";"";"";"21848568";"21969726";"22114366";"22231181";"22327886";"22483140";"22592027";"22702720";"22757411";"22845235";"22951014";"23031045";"23122838";"23173029";"23195875";"23166140";"23108534";"23499895";"23546643";"23585181";"23593000";"23807132";"24057277";"24345425";"24670294";"25002332";"25301525";"25551205";"25807543";"26039628";"26405010";"26891695";"27358707";"27766228";"28155117";"28299333";"28487183";"28668137";"28877515";"29099238";"29296183";"29495669";"29685169";"29875387";"30093767";"30280463";"30506157";"30730777";"30940136";"31068721";"31160552";"31232352";"31342595";"31455770";"31667286";"31962065";"32288026";"32560892";"32760470";"32971217";"33193638";"33219983";"33170779";"33107066";"33023612";"32939901";"32910610";"32853247";"32791541";"32680632";"32562257";"32448507";"32383772";"32356902";"32303266";"32395954";"32557589";"32676905";"32710530";"32739876";"32803139"
"Codes";"";"";"";"";"";"";"";"";"";"";"";"";"";"";"";"";"";"";"";"";"";"";"";"";"";"";"";"";"";"";"";"";"";"";"";"";"";"";"";"";"";"";"";"";"";"";"";"";"A";"A";"A";"A";"A";"A";"A";"A";"A";"A";"A";"A";"A";"A";"A";"A";"A";"A";"A";"A";"A";"A";"A";"A";"A";"A";"A";"A";"A";"A";"A";"A";"A";"A";"A";"A";"A";"A";"A";"A";"A";"A";"A";"A";"A";"A";"A";"A";"A";"A";"A";"A";"A";"A";"A";"A";"A";"A";"A";"A";"A";"A";"A";"A";"A";"A";"A";"A";"A";"A";"A";"A";"A";"A";"A";"A";"A";"A";"P";"P";"P"
"Population au 1er janvier - Femmes - Moins de 15 ans - France";"001686802";"13/01/2026 12:00";"";"";"";"";"";"";"";"";"";"";"";"";"";"";"";"";"";"";"";"";"";"";"";"";"";"";"";"";"";"";"";"";"";"";"";"";"";"";"";"";"";"";"";"";"";"";"";"";"";"";"";"";"";"";"";"";"";"";"";"";"";"";"";"";"";"";"";"";"";"";"";"";"";"";"";"";"";"";"";"";"";"";"";"";"";"";"";"";"";"";"";"5767475";"5785232";"5783314";"5767836";"5742623";"5704601";"5667048";"5633315";"5627034";"5641718";"5665561";"5680189";"5691021";"5697757";"5705747";"5719819";"5748495";"5772018";"5817456";"5859155";"5888943";"5922313";"5950045";"6017703";"6032139";"6002232";"5974351";"5955180";"5918701";"5878818";"5843586";"5797452";"5739121";"5662222";"5576633";"5481203"
"Codes";"";"";"";"";"";"";"";"";"";"";"";"";"";"";"";"";"";"";"";"";"";"";"";"";"";"";"";"";"";"";"";"";"";"";"";"";"";"";"";"";"";"";"";"";"";"";"";"";"";"";"";"";"";"";"";"";"";"";"";"";"";"";"";"";"";"";"";"";"";"";"";"";"";"";"";"";"";"";"";"";"";"";"";"";"";"";"";"";"";"";"";"";"";"A";"A";"A";"A";"A";"A";"A";"A";"A";"A";"A";"A";"A";"A";"A";"A";"A";"A";"A";"A";"A";"A";"A";"A";"A";"A";"A";"A";"A";"A";"A";"A";"A";"P";"P";"P"
"Population au 1er janvier - Hommes - De 20 à 59 ans - France";"001686792";"13/01/2026 12:00";"";"";"";"";"";"";"";"";"";"";"";"";"";"";"";"";"";"";"";"";"";"";"";"";"";"";"";"";"";"";"";"";"";"";"";"";"";"";"";"";"";"";"";"";"";"";"";"";"";"";"";"";"";"";"";"";"";"";"";"";"";"";"";"";"";"";"";"";"";"";"";"";"";"";"";"";"";"";"";"";"";"";"";"";"";"";"";"";"";"";"";"15509804";"15625994";"15741401";"15842523";"15903754";"15944240";"15975908";"16027374";"16078641";"16175344";"16310168";"16459685";"16580155";"16663397";"16753533";"16856130";"16871404";"16845771";"16811728";"16770616";"16733705";"16715881";"16690662";"16699260";"16634215";"16565586";"16500042";"16463771";"16456611";"16432554";"16494647";"16589982";"16663195";"16693060";"16719313";"16760684"
"Codes";"";"";"";"";"";"";"";"";"";"";"";"";"";"";"";"";"";"";"";"";"";"";"";"";"";"";"";"";"";"";"";"";"";"";"";"";"";"";"";"";"";"";"";"";"";"";"";"";"";"";"";"";"";"";"";"";"";"";"";"";"";"";"";"";"";"";"";"";"";"";"";"";"";"";"";"";"";"";"";"";"";"";"";"";"";"";"";"";"";"";"";"";"";"A";"A";"A";"A";"A";"A";"A";"A";"A";"A";"A";"A";"A";"A";"A";"A";"A";"A";"A";"A";"A";"A";"A";"A";"A";"A";"A";"A";"A";"A";"A";"A";"A";"P";"P";"P"
"Population au 1er janvier - Femmes - De 15 à 49 ans - France métropolitaine";"001686801";"13/01/2026 12:00";"";"";"";"";"";"";"";"";"";"";"";"";"";"";"";"";"";"";"";"";"";"";"";"";"";"";"";"";"";"";"";"";"";"";"";"";"";"";"";"";"";"";"";"";"";"";"10361974";"10352661";"10325218";"10304243";"10284366";"10255854";"10213207";"10167060";"10125551";"10094772";"10059447";"10019223";"10016404";"10011991";"10012716";"10020062";"10149753";"10459322";"10608419";"10753987";"10981507";"11236575";"11478811";"11698272";"11908023";"11994457";"12089313";"12186525";"12287592";"12390818";"12471208";"12582091";"12686672";"12793285";"12909845";"13009281";"13115167";"13218159";"13333803";"13448018";"13575605";"13717300";"13861740";"14001371";"14118963";"14219877";"14325849";"14419374";"14487025";"14548434";"14625458";"14602929";"14560131";"14493094";"14467585";"14448315";"14458828";"14464283";"14482854";"14500441";"14511425";"14490399";"14455332";"14404487";"14344168";"14292459";"14239197";"14196012";"14154262";"14103811";"14059253";"14006207";"13989456";"13976076";"13940972";"13950953";"14002400";"14026804";"14045264";"14086383";"14161903"
"Codes";"";"";"";"";"";"";"";"";"";"";"";"";"";"";"";"";"";"";"";"";"";"";"";"";"";"";"";"";"";"";"";"";"";"";"";"";"";"";"";"";"";"";"";"";"";"";"";"";"A";"A";"A";"A";"A";"A";"A";"A";"A";"A";"A";"A";"A";"A";"A";"A";"A";"A";"A";"A";"A";"A";"A";"A";"A";"A";"A";"A";"A";"A";"A";"A";"A";"A";"A";"A";"A";"A";"A";"A";"A";"A";"A";"A";"A";"A";"A";"A";"A";"A";"A";"A";"A";"A";"A";"A";"A";"A";"A";"A";"A";"A";"A";"A";"A";"A";"A";"A";"A";"A";"A";"A";"A";"A";"A";"A";"A";"A";"P";"P";"P"
"Population au 1er janvier - Femmes - 60 ans et plus - France";"001686805";"13/01/2026 12:00";"";"";"";"";"";"";"";"";"";"";"";"";"";"";"";"";"";"";"";"";"";"";"";"";"";"";"";"";"";"";"";"";"";"";"";"";"";"";"";"";"";"";"";"";"";"";"";"";"";"";"";"";"";"";"";"";"";"";"";"";"";"";"";"";"";"";"";"";"";"";"";"";"";"";"";"";"";"";"";"";"";"";"";"";"";"";"";"";"";"";"";"6499137";"6594452";"6689566";"6762786";"6845388";"6908288";"6966961";"7020612";"7070621";"7138238";"7190357";"7230084";"7293973";"7366269";"7473330";"7571930";"7740586";"7927049";"8111068";"8287144";"8474395";"8639642";"8809895";"8982216";"9152374";"9312930";"9494184";"9642071";"9808175";"9970629";"10101889";"10233933";"10391297";"10549501";"10708990";"10864270"
"Codes";"";"";"";"";"";"";"";"";"";"";"";"";"";"";"";"";"";"";"";"";"";"";"";"";"";"";"";"";"";"";"";"";"";"";"";"";"";"";"";"";"";"";"";"";"";"";"";"";"";"";"";"";"";"";"";"";"";"";"";"";"";"";"";"";"";"";"";"";"";"";"";"";"";"";"";"";"";"";"";"";"";"";"";"";"";"";"";"";"";"";"";"";"";"A";"A";"A";"A";"A";"A";"A";"A";"A";"A";"A";"A";"A";"A";"A";"A";"A";"A";"A";"A";"A";"A";"A";"A";"A";"A";"A";"A";"A";"A";"A";"A";"A";"P";"P";"P"
"Population au 1er janvier - Hommes - Moins de 15 ans - France";"001686790";"13/01/2026 12:00";"";"";"";"";"";"";"";"";"";"";"";"";"";"";"";"";"";"";"";"";"";"";"";"";"";"";"";"";"";"";"";"";"";"";"";"";"";"";"";"";"";"";"";"";"";"";"";"";"";"";"";"";"";"";"";"";"";"";"";"";"";"";"";"";"";"";"";"";"";"";"";"";"";"";"";"";"";"";"";"";"";"";"";"";"";"";"";"";"";"";"";"6041429";"6061062";"6058323";"6041792";"6013408";"5971750";"5934499";"5899624";"5894663";"5916728";"5948090";"5965527";"5978430";"5982730";"5991041";"5996131";"6029706";"6055194";"6100495";"6139796";"6172000";"6201401";"6236644";"6302473";"6307302";"6274647";"6241027";"6217386";"6187898";"6152874";"6117352";"6072852";"6013940";"5933029";"5846525";"5746619"
"Codes";"";"";"";"";"";"";"";"";"";"";"";"";"";"";"";"";"";"";"";"";"";"";"";"";"";"";"";"";"";"";"";"";"";"";"";"";"";"";"";"";"";"";"";"";"";"";"";"";"";"";"";"";"";"";"";"";"";"";"";"";"";"";"";"";"";"";"";"";"";"";"";"";"";"";"";"";"";"";"";"";"";"";"";"";"";"";"";"";"";"";"";"";"";"A";"A";"A";"A";"A";"A";"A";"A";"A";"A";"A";"A";"A";"A";"A";"A";"A";"A";"A";"A";"A";"A";"A";"A";"A";"A";"A";"A";"A";"A";"A";"A";"A";"P";"P";"P"
"Population au 1er janvier - Femmes - Moins de 20 ans - France métropolitaine";"001686797";"13/01/2026 12:00";"";"";"";"";"";"";"";"";"";"";"";"";"";"";"";"";"";"";"";"";"";"";"";"";"";"";"";"";"";"";"";"";"";"";"";"";"";"";"";"";"";"";"";"";"";"";"5866225";"5917169";"6008801";"6095827";"6186173";"6260103";"6329099";"6399241";"6476828";"6559882";"6667109";"6786999";"6926509";"7054907";"7191564";"7353099";"7545918";"7798816";"7947163";"8090887";"8213482";"8241860";"8232221";"8222146";"8219041";"8225871";"8260422";"8278579";"8293473";"8264830";"8221672";"8168577";"8122326";"8071089";"8023818";"8001799";"7972223";"7959738";"7908712";"7856616";"7812165";"7773028";"7742115";"7713791";"7679972";"7624089";"7558307";"7488064";"7414719";"7369709";"7357487";"7354803";"7341033";"7335411";"7351491";"7361385";"7373461";"7385310";"7417346";"7446044";"7465601";"7476232";"7487372";"7504742";"7523983";"7538742";"7549313";"7573188";"7611359";"7645022";"7640858";"7623320";"7620817";"7601460";"7561779";"7514496";"7474973";"7419715";"7357278";"7286661";"7210627"
"Codes";"";"";"";"";"";"";"";"";"";"";"";"";"";"";"";"";"";"";"";"";"";"";"";"";"";"";"";"";"";"";"";"";"";"";"";"";"";"";"";"";"";"";"";"";"";"";"";"";"A";"A";"A";"A";"A";"A";"A";"A";"A";"A";"A";"A";"A";"A";"A";"A";"A";"A";"A";"A";"A";"A";"A";"A";"A";"A";"A";"A";"A";"A";"A";"A";"A";"A";"A";"A";"A";"A";"A";"A";"A";"A";"A";"A";"A";"A";"A";"A";"A";"A";"A";"A";"A";"A";"A";"A";"A";"A";"A";"A";"A";"A";"A";"A";"A";"A";"A";"A";"A";"A";"A";"A";"A";"A";"A";"A";"A";"A";"P";"P";"P"
"Population au 1er janvier - Ensemble - De 20 à 59 ans - France";"001686814";"13/01/2026 12:00";"";"";"";"";"";"";"";"";"";"";"";"";"";"";"";"";"";"";"";"";"";"";"";"";"";"";"";"";"";"";"";"";"";"";"";"";"";"";"";"";"";"";"";"";"";"";"";"";"";"";"";"";"";"";"";"";"";"";"";"";"";"";"";"";"";"";"";"";"";"";"";"";"";"";"";"";"";"";"";"";"";"";"";"";"";"";"";"";"";"";"";"31017161";"31257420";"31497221";"31721709";"31865820";"31973591";"32060999";"32187483";"32314770";"32541228";"32850586";"33190355";"33474243";"33683368";"33901956";"34136236";"34173826";"34134793";"34076200";"33997230";"33920108";"33891079";"33830977";"33860990";"33754058";"33635130";"33512775";"33447346";"33420065";"33364449";"33460621";"33625013";"33747583";"33779584";"33807317";"33868940"
"Codes";"";"";"";"";"";"";"";"";"";"";"";"";"";"";"";"";"";"";"";"";"";"";"";"";"";"";"";"";"";"";"";"";"";"";"";"";"";"";"";"";"";"";"";"";"";"";"";"";"";"";"";"";"";"";"";"";"";"";"";"";"";"";"";"";"";"";"";"";"";"";"";"";"";"";"";"";"";"";"";"";"";"";"";"";"";"";"";"";"";"";"";"";"";"A";"A";"A";"A";"A";"A";"A";"A";"A";"A";"A";"A";"A";"A";"A";"A";"A";"A";"A";"A";"A";"A";"A";"A";"A";"A";"A";"A";"A";"A";"A";"A";"A";"P";"P";"P"
"Population au 1er janvier - Ensemble - 60 ans et plus - France métropolitaine";"001686811";"13/01/2026 12:00";"";"";"";"";"";"";"";"";"";"";"";"";"";"";"";"";"";"";"";"";"";"";"";"";"";"";"";"";"";"";"";"";"";"";"";"";"";"";"";"";"";"";"";"";"";"";"6438093";"6520196";"6617869";"6716159";"6763775";"6816451";"6854962";"6915157";"6962641";"7039387";"7105505";"7201752";"7318763";"7454958";"7604067";"7746481";"7931708";"8169094";"8300983";"8465350";"8602220";"8752541";"8876849";"9005215";"9109664";"9241955";"9333811";"9462802";"9570967";"9672307";"9584117";"9423723";"9300125";"9203922";"9157647";"9349579";"9520813";"9679107";"9818123";"9966245";"10115664";"10266477";"10428283";"10601356";"10763586";"10954743";"11130861";"11307911";"11445097";"11599453";"11717180";"11827924";"11929445";"12022935";"12143625";"12236650";"12306499";"12424375";"12561457";"12749644";"12925694";"13260161";"13626512";"13989803";"14335031";"14690035";"15007705";"15331522";"15647709";"15968411";"16261009";"16574478";"16848750";"17154950";"17453030";"17692032";"17941347";"18248218";"18552144";"18862434";"19164738"
"Codes";"";"";"";"";"";"";"";"";"";"";"";"";"";"";"";"";"";"";"";"";"";"";"";"";"";"";"";"";"";"";"";"";"";"";"";"";"";"";"";"";"";"";"";"";"";"";"";"";"A";"A";"A";"A";"A";"A";"A";"A";"A";"A";"A";"A";"A";"A";"A";"A";"A";"A";"A";"A";"A";"A";"A";"A";"A";"A";"A";"A";"A";"A";"A";"A";"A";"A";"A";"A";"A";"A";"A";"A";"A";"A";"A";"A";"A";"A";"A";"A";"A";"A";"A";"A";"A";"A";"A";"A";"A";"A";"A";"A";"A";"A";"A";"A";"A";"A";"A";"A";"A";"A";"A";"A";"A";"A";"A";"A";"A";"A";"P";"P";"P"
"Population au 1er janvier - Ensemble - 75 ans et plus - France";"001686818";"13/01/2026 12:00";"";"";"";"";"";"";"";"";"";"";"";"";"";"";"";"";"";"";"";"";"";"";"";"";"";"";"";"";"";"";"";"";"";"";"";"";"";"";"";"";"";"";"";"";"";"";"";"";"";"";"";"";"";"";"";"";"";"";"";"";"";"";"";"";"";"";"";"";"";"";"";"";"";"";"";"";"";"";"";"";"";"";"";"";"";"";"";"";"";"";"";"3824412";"3725305";"3645696";"3588741";"3581925";"3751579";"3907418";"4046464";"4177773";"4304118";"4441907";"4581274";"4713945";"4838447";"4995323";"5159202";"5301350";"5438941";"5549804";"5659458";"5757011";"5844329";"5914742";"5994167";"6071814";"6102610";"6145280";"6184396";"6269622";"6346155";"6379811";"6584621";"6872042";"7146359";"7419063";"7686082"
"Codes";"";"";"";"";"";"";"";"";"";"";"";"";"";"";"";"";"";"";"";"";"";"";"";"";"";"";"";"";"";"";"";"";"";"";"";"";"";"";"";"";"";"";"";"";"";"";"";"";"";"";"";"";"";"";"";"";"";"";"";"";"";"";"";"";"";"";"";"";"";"";"";"";"";"";"";"";"";"";"";"";"";"";"";"";"";"";"";"";"";"";"";"";"";"A";"A";"A";"A";"A";"A";"A";"A";"A";"A";"A";"A";"A";"A";"A";"A";"A";"A";"A";"A";"A";"A";"A";"A";"A";"A";"A";"A";"A";"A";"A";"A";"A";"P";"P";"P"
"Population au 1er janvier - Hommes - De 15 à 49 ans - France métropolitaine";"001686789";"13/01/2026 12:00";"";"";"";"";"";"";"";"";"";"";"";"";"";"";"";"";"";"";"";"";"";"";"";"";"";"";"";"";"";"";"";"";"";"";"";"";"";"";"";"";"";"";"";"";"";"";"10182922";"10234574";"10335453";"10361599";"10367190";"10357210";"10323678";"10282223";"10243872";"10216321";"10184562";"10155228";"10177461";"10195261";"10212727";"10239611";"10398359";"10774392";"10938899";"11104218";"11338476";"11600180";"11845419";"12081065";"12337754";"12472270";"12589332";"12706558";"12841157";"12945968";"12999465";"13080072";"13153191";"13229679";"13323071";"13405590";"13503944";"13581331";"13668902";"13757684";"13865504";"13987631";"14116783";"14240305";"14340698";"14415999";"14498478";"14568951";"14603156";"14634032";"14680380";"14633278";"14564477";"14473844";"14415565";"14368874";"14360700";"14354126";"14367812";"14376708";"14386668";"14384274";"14355441";"14310693";"14257412";"14212092";"14154661";"14113826";"14067338";"14003304";"13940273";"13886417";"13863136";"13859404";"13835040";"13862079";"13933865";"13971439";"14011825";"14069608";"14164742"
"Codes";"";"";"";"";"";"";"";"";"";"";"";"";"";"";"";"";"";"";"";"";"";"";"";"";"";"";"";"";"";"";"";"";"";"";"";"";"";"";"";"";"";"";"";"";"";"";"";"";"A";"A";"A";"A";"A";"A";"A";"A";"A";"A";"A";"A";"A";"A";"A";"A";"A";"A";"A";"A";"A";"A";"A";"A";"A";"A";"A";"A";"A";"A";"A";"A";"A";"A";"A";"A";"A";"A";"A";"A";"A";"A";"A";"A";"A";"A";"A";"A";"A";"A";"A";"A";"A";"A";"A";"A";"A";"A";"A";"A";"A";"A";"A";"A";"A";"A";"A";"A";"A";"A";"A";"A";"A";"A";"A";"A";"A";"A";"P";"P";"P"
"Population au 1er janvier - Hommes - 60 ans et plus - France";"001686793";"13/01/2026 12:00";"";"";"";"";"";"";"";"";"";"";"";"";"";"";"";"";"";"";"";"";"";"";"";"";"";"";"";"";"";"";"";"";"";"";"";"";"";"";"";"";"";"";"";"";"";"";"";"";"";"";"";"";"";"";"";"";"";"";"";"";"";"";"";"";"";"";"";"";"";"";"";"";"";"";"";"";"";"";"";"";"";"";"";"";"";"";"";"";"";"";"";"4601454";"4686441";"4772862";"4841771";"4918974";"4979443";"5037300";"5091257";"5142437";"5202044";"5249408";"5285026";"5345956";"5417452";"5506394";"5590198";"5761482";"5951132";"6139924";"6318030";"6500627";"6663407";"6827803";"6992942";"7157023";"7302454";"7451175";"7589691";"7742927";"7893466";"8015286";"8151707";"8319739";"8484615";"8654881";"8821257"
"Codes";"";"";"";"";"";"";"";"";"";"";"";"";"";"";"";"";"";"";"";"";"";"";"";"";"";"";"";"";"";"";"";"";"";"";"";"";"";"";"";"";"";"";"";"";"";"";"";"";"";"";"";"";"";"";"";"";"";"";"";"";"";"";"";"";"";"";"";"";"";"";"";"";"";"";"";"";"";"";"";"";"";"";"";"";"";"";"";"";"";"";"";"";"";"A";"A";"A";"A";"A";"A";"A";"A";"A";"A";"A";"A";"A";"A";"A";"A";"A";"A";"A";"A";"A";"A";"A";"A";"A";"A";"A";"A";"A";"A";"A";"A";"A";"P";"P";"P"
"Population au 1er janvier - Femmes - 75 ans et plus - France métropolitaine";"001686800";"13/01/2026 12:00";"";"";"";"";"";"";"";"";"";"";"";"";"";"";"";"";"";"";"";"";"";"";"";"";"";"";"";"";"";"";"";"";"";"";"";"";"";"";"";"";"";"";"";"";"";"";"870401";"882628";"918959";"959369";"982557";"1019022";"1044873";"1078196";"1095718";"1127593";"1155095";"1179827";"1214454";"1248393";"1285075";"1316707";"1353807";"1391877";"1415547";"1456279";"1483097";"1521482";"1552977";"1586943";"1618284";"1649650";"1691211";"1733842";"1768118";"1807479";"1843941";"1894303";"1952958";"2002426";"2054209";"2102347";"2145917";"2193119";"2237467";"2287709";"2331893";"2366402";"2422434";"2474951";"2521030";"2491308";"2432609";"2384130";"2347324";"2339194";"2432427";"2519611";"2596812";"2669619";"2741883";"2821419";"2902377";"2978569";"3049722";"3143680";"3241456";"3323482";"3400540";"3459967";"3515694";"3564568";"3604524";"3634407";"3668963";"3700912";"3707391";"3728006";"3734174";"3767340";"3798223";"3804724";"3900980";"4045736";"4179394";"4316172";"4448785"
"Codes";"";"";"";"";"";"";"";"";"";"";"";"";"";"";"";"";"";"";"";"";"";"";"";"";"";"";"";"";"";"";"";"";"";"";"";"";"";"";"";"";"";"";"";"";"";"";"";"";"A";"A";"A";"A";"A";"A";"A";"A";"A";"A";"A";"A";"A";"A";"A";"A";"A";"A";"A";"A";"A";"A";"A";"A";"A";"A";"A";"A";"A";"A";"A";"A";"A";"A";"A";"A";"A";"A";"A";"A";"A";"A";"A";"A";"A";"A";"A";"A";"A";"A";"A";"A";"A";"A";"A";"A";"A";"A";"A";"A";"A";"A";"A";"A";"A";"A";"A";"A";"A";"A";"A";"A";"A";"A";"A";"A";"A";"A";"P";"P";"P"
"Population au 1er janvier - Hommes - 75 ans et plus - France métropolitaine";"001686788";"13/01/2026 12:00";"";"";"";"";"";"";"";"";"";"";"";"";"";"";"";"";"";"";"";"";"";"";"";"";"";"";"";"";"";"";"";"";"";"";"";"";"";"";"";"";"";"";"";"";"";"";"509297";"517266";"544643";"569345";"582144";"601404";"614277";"631254";"635858";"645178";"647982";"649097";"656406";"665673";"676423";"684657";"697059";"705278";"705251";"715098";"715768";"724552";"727378";"733110";"737455";"745519";"765449";"790989";"815545";"848943";"878593";"916194";"957589";"990964";"1024405";"1057326";"1085552";"1114976";"1142611";"1172427";"1198625";"1219491";"1254428";"1288550";"1317388";"1293652";"1251591";"1218796";"1196855";"1196325";"1270265";"1336837";"1396294";"1451677";"1502894";"1558710";"1615094";"1669235";"1720293";"1780970";"1844538";"1902830";"1960940";"2009609";"2060405";"2103544";"2147128";"2184599";"2224035";"2266880";"2287425";"2304975";"2334231";"2383403";"2425332";"2448958";"2552052";"2688948";"2823664";"2952442";"3079073"
"Codes";"";"";"";"";"";"";"";"";"";"";"";"";"";"";"";"";"";"";"";"";"";"";"";"";"";"";"";"";"";"";"";"";"";"";"";"";"";"";"";"";"";"";"";"";"";"";"";"";"A";"A";"A";"A";"A";"A";"A";"A";"A";"A";"A";"A";"A";"A";"A";"A";"A";"A";"A";"A";"A";"A";"A";"A";"A";"A";"A";"A";"A";"A";"A";"A";"A";"A";"A";"A";"A";"A";"A";"A";"A";"A";"A";"A";"A";"A";"A";"A";"A";"A";"A";"A";"A";"A";"A";"A";"A";"A";"A";"A";"A";"A";"A";"A";"A";"A";"A";"A";"A";"A";"A";"A";"A";"A";"A";"A";"A";"A";"P";"P";"P"
"Démographie - Solde migratoire évalué - France (inclus Mayotte depuis 2014)";"001641597";"13/01/2026 12:00";"";"";"";"";"";"";"";"";"";"";"";"";"";"";"";"";"";"";"";"";"";"";"";"";"";"";"";"";"";"";"";"";"";"";"";"";"";"";"";"";"";"";"";"";"";"";"";"";"";"";"";"";"";"";"";"";"";"";"";"";"";"";"";"";"";"";"";"";"";"";"";"";"";"";"";"";"";"";"";"";"";"";"60300";"53029";"41403";"39442";"41528";"52384";"66456";"78285";"77393";"88397";"89349";"70340";"51301";"42193";"38241";"43279";"50228";"62500";"72000";"87000";"97000";"102000";"105128";"92192";"112141";"73626";"56812";"32339";"38880";"29504";"72336";"99956";"32324";"40238";"65044";"154661";"200506";"127621";"140005";"189687";"270777";"176000";"176000";"176000";""
"Codes";"";"";"";"";"";"";"";"";"";"";"";"";"";"";"";"";"";"";"";"";"";"";"";"";"";"";"";"";"";"";"";"";"";"";"";"";"";"";"";"";"";"";"";"";"";"";"";"";"";"";"";"";"";"";"";"";"";"";"";"";"";"";"";"";"";"";"";"";"";"";"";"";"";"";"";"";"";"";"";"";"";"";"";"";"A";"A";"A";"A";"A";"A";"A";"A";"A";"A";"A";"A";"A";"A";"A";"A";"A";"A";"A";"A";"A";"A";"A";"A";"A";"A";"A";"A";"A";"A";"A";"A";"A";"A";"A";"A";"A";"A";"A";"A";"A";"P";"P";"P";""
"Population au 1er janvier - Femmes - 60 ans et plus - France métropolitaine";"001686799";"13/01/2026 12:00";"";"";"";"";"";"";"";"";"";"";"";"";"";"";"";"";"";"";"";"";"";"";"";"";"";"";"";"";"";"";"";"";"";"";"";"";"";"";"";"";"";"";"";"";"";"";"3792653";"3851463";"3916989";"3989628";"4032697";"4080668";"4118908";"4174450";"4222150";"4287962";"4344862";"4406960";"4474018";"4545510";"4619128";"4688490";"4779991";"4908327";"4980608";"5071499";"5145641";"5227737";"5296758";"5363700";"5419798";"5488565";"5536083";"5604163";"5659930";"5716554";"5675110";"5595058";"5534847";"5488504";"5466781";"5569129";"5661568";"5746301";"5819665";"5899979";"5979445";"6058574";"6143863";"6233134";"6315204";"6416162";"6509158";"6601707";"6672132";"6751741";"6811503";"6866983";"6917311";"6962939";"7026906";"7075725";"7112420";"7172587";"7241199";"7343911";"7438317";"7603824";"7785286";"7964301";"8135859";"8314770";"8474360";"8638896";"8800111";"8962953";"9116590";"9289337";"9430507";"9589609";"9745014";"9868677";"9990964";"10138979";"10287095";"10436364";"10581651"
"Codes";"";"";"";"";"";"";"";"";"";"";"";"";"";"";"";"";"";"";"";"";"";"";"";"";"";"";"";"";"";"";"";"";"";"";"";"";"";"";"";"";"";"";"";"";"";"";"";"";"A";"A";"A";"A";"A";"A";"A";"A";"A";"A";"A";"A";"A";"A";"A";"A";"A";"A";"A";"A";"A";"A";"A";"A";"A";"A";"A";"A";"A";"A";"A";"A";"A";"A";"A";"A";"A";"A";"A";"A";"A";"A";"A";"A";"A";"A";"A";"A";"A";"A";"A";"A";"A";"A";"A";"A";"A";"A";"A";"A";"A";"A";"A";"A";"A";"A";"A";"A";"A";"A";"A";"A";"A";"A";"A";"A";"A";"A";"P";"P";"P"
"Population au 1er janvier - Femmes - De 20 à 59 ans - France métropolitaine";"001686798";"13/01/2026 12:00";"";"";"";"";"";"";"";"";"";"";"";"";"";"";"";"";"";"";"";"";"";"";"";"";"";"";"";"";"";"";"";"";"";"";"";"";"";"";"";"";"";"";"";"";"";"";"11347191";"11378940";"11393025";"11412936";"11423707";"11463438";"11484738";"11505205";"11499958";"11512727";"11541887";"11564432";"11593416";"11604999";"11607494";"11583492";"11544161";"11717680";"11741932";"11759192";"11761322";"11861765";"11980727";"12104287";"12233857";"12372431";"12510866";"12626089";"12737477";"12851011";"13054992";"13316793";"13567668";"13787955";"13996999";"14076726";"14171009";"14272429";"14389199";"14510588";"14617288";"14724418";"14824533";"14924271";"15037824";"15132054";"15247947";"15363945";"15478714";"15553029";"15611518";"15658485";"15724437";"15792118";"15912877";"16078443";"16259575";"16414471";"16532377";"16653933";"16781404";"16797604";"16777461";"16749232";"16707443";"16663204";"16653128";"16619772";"16591564";"16545460";"16495142";"16439647";"16409328";"16389592";"16356720";"16388021";"16455672";"16502066";"16504572";"16506308";"16526857"
"Codes";"";"";"";"";"";"";"";"";"";"";"";"";"";"";"";"";"";"";"";"";"";"";"";"";"";"";"";"";"";"";"";"";"";"";"";"";"";"";"";"";"";"";"";"";"";"";"";"";"A";"A";"A";"A";"A";"A";"A";"A";"A";"A";"A";"A";"A";"A";"A";"A";"A";"A";"A";"A";"A";"A";"A";"A";"A";"A";"A";"A";"A";"A";"A";"A";"A";"A";"A";"A";"A";"A";"A";"A";"A";"A";"A";"A";"A";"A";"A";"A";"A";"A";"A";"A";"A";"A";"A";"A";"A";"A";"A";"A";"A";"A";"A";"A";"A";"A";"A";"A";"A";"A";"A";"A";"A";"A";"A";"A";"A";"A";"P";"P";"P"
"Population au 1er janvier - Hommes - Moins de 20 ans - France";"001686791";"13/01/2026 12:00";"";"";"";"";"";"";"";"";"";"";"";"";"";"";"";"";"";"";"";"";"";"";"";"";"";"";"";"";"";"";"";"";"";"";"";"";"";"";"";"";"";"";"";"";"";"";"";"";"";"";"";"";"";"";"";"";"";"";"";"";"";"";"";"";"";"";"";"";"";"";"";"";"";"";"";"";"";"";"";"";"";"";"";"";"";"";"";"";"";"";"";"8263514";"8198628";"8127080";"8050984";"8001595";"7988608";"7990054";"7976556";"7975327";"7988412";"8000441";"8014622";"8031233";"8071084";"8105665";"8123716";"8148868";"8161384";"8174193";"8190886";"8206625";"8208786";"8236960";"8335925";"8365745";"8362047";"8346043";"8344296";"8336375";"8303784";"8257153";"8225998";"8176948";"8116979";"8045494";"7969256"
"Codes";"";"";"";"";"";"";"";"";"";"";"";"";"";"";"";"";"";"";"";"";"";"";"";"";"";"";"";"";"";"";"";"";"";"";"";"";"";"";"";"";"";"";"";"";"";"";"";"";"";"";"";"";"";"";"";"";"";"";"";"";"";"";"";"";"";"";"";"";"";"";"";"";"";"";"";"";"";"";"";"";"";"";"";"";"";"";"";"";"";"";"";"";"";"A";"A";"A";"A";"A";"A";"A";"A";"A";"A";"A";"A";"A";"A";"A";"A";"A";"A";"A";"A";"A";"A";"A";"A";"A";"A";"A";"A";"A";"A";"A";"A";"A";"P";"P";"P"
